18
644
649
750
622
89
190
801
873
495
389
567
330
614
690
337
580
351
65
485
193
219
97
137
630
30
264
478
267
42
723
952
991
870
173
539
644
688
486
367
549
57
724
168
56
293
565
514
340
31
475
830
19
623
608
811
746
723
652
97
569
848
136
276
778
68
840
890
158
60
843
194
328
879
72
71
20
571
515
260
869
200
11
98
529
66
285
896
296
84
147
327
415
747
994
547
446
828
129
547
245
342
721
600
517
494
227
880
301
654
416
401
295
885
933
268
806
805
429
190
266
189
620
550
676
659
731
51
486
553
403
397
642
306
249
302
257
349
454
274
605
928
934
935
308
779
645
296
515
337
246
732
558
923
947
41
158
717
433
720
598
358
580
440
660
512
214
866
837
712
182
281
210
941
192
586
537
566
526
171
137
65
965
629
55
985
249
470
163
114
531
966
96
343
120
581
851
350
681
176
938
336
699
677
870
569
264
697
326
350
732
83
372
765
302
384
459
946
201
395
167
826
906
282
619
266
383
735
276
642
194
388
345
892
310
509
38
767
664
513
758
318
256
188
687
108
571
491
405
734
469
718
661
5
468
817
960
145
815
330
50
577
258
735
763
416
177
355
968
605
367
33
705
704
885
572
567
473
602
959
406
678
341
511
911
213
838
308
435
626
93
565
567
446
977
21
568
874
427
744
336
64
111
308
114
885
891
582
214
63
267
780
9
686
486
381
189
324
177
131
729
109
715
214
994
341
424
956
229
638
121
998
381
84
680
595
977
425
467
278
882
360
903
516
642
281
757
723
477
445
34
839
92
304
215
118
226
67
386
902
340
178
77
3
8
446
141
152
788
127
542
967
225
644
826
84
388
587
965
464
527
477
871
462
643
20
75
836
693
22
609
406
325
732
600
415
519
7
454
950
257
210
811
853
929
36
243
873
131
774
361
584
529
507
469
886
164
223
54
241
444
887
765
74
133
57
823
685
688
41
907
436
509
306
223
1
379
946
188
421
374
326
336
310
758
768
664
237
651
485
521
750
353
29
588
501
392
323
696
637
512
648
204
791
659
767
762
225
878
198
736
858
667
404
225
348
217
626
179
932
116
752
950
233
774
83
119
607
339
668
812
15
670
305
446
6
853
686
754
663
821
69
44
638
2
874
964
627
50
60
725
257
738
170
328
628
976
887
804
609
761
274
789
844
737
313
984
718
492
233
878
720
349
286
587
196
15
183
964
81
779
1
359
604
74
137
158
882
137
353
260
395
770
782
502
454
14
423
425
875
472
432
682
225
972
905
91
978
4
390
366
230
108
24
315
297
134
125
784
516
28
143
101
310
963
875
71
435
585
243
502
814
927
155
346
833
858
666
824
899
170
569
507
557
965
284
121
523
16
506
189
66
20
11
169
64
675
841
754
979
389
298
255
565
126
376
697
470
150
827
58
751
380
7
951
932
698
417
778
902
648
104
25
186
251
495
225
581
652
310
520
733
942
727
793
2
518
653
876
197
457
585
349
384
695
71
108
482
854
972
86
168
490
417
208
993
468
521
419
781
509
814
653
941
784
540
124
149
272
999
665
650
242
906
205
167
393
193
59
565
128
99
982
317
426
505
546
585
369
771
603
208
536
1
685
885
518
34
707
807
610
895
449
699
636
385
567
480
927
307
173
349
762
891
337
597
691
399
707
46
68
603
483
834
759
787
984
6
351
812
843
352
82
631
168
307
849
273
725
372
534
896
459
112
24
794
22
682
900
750
163
210
397
395
795
213
90
147
616
92
872
907
994
114
237
491
793
312
566
590
197
302
679
79
955
11
92
423
332
253
269
517
656
628
715
881
636
780
437
787
586
305
914
670
804
871
677
534
957
373
921
59
416
557
863
349
998
464
508
756
37
474
21
739
672
66
646
403
390
992
423
370
897
686
239
418
492
983
596
822
760
585
835
298
921
47
741
780
993
138
702
223
353
222
425
486
734
642
362
887
827
492
367
917
670
696
460
35
21
872
477
467
687
150
250
238
52
312
596
685
506
741
203
207
261
432
761
682
266
852
972
974
279
941
502
812
526
951
829
895
715
244
976
60
861
804
182
529
712
808
729
682
403
130
763
127
101
977
284
937
662
380
475
887
825
683
112
682
102
892
533
641
224
871
434
185
828
254
410
394
156
915
479
224
543
582
302
781
36
278
652
366
7
886
947
996
745
996
874
361
945
284
931
993
894
499
4
658
703
736
320
606
915
229
72
445
215
886
263
307
153
209
641
576
799
1000
640
548
643
754
